The value of m is: 32
The value of p is: 3
The value of len is: {1, 2, 3, 4, 5, 6, 7}
The value of arr is: {25, 12, 1, 17, 30, 28, 0}
The column indices of 1 * 2 tiles are: {3i+13, 3i+31} for 0<=i<=m-1.
193 65 161 129 65 125 63 193 63 125 187 218 33 225 33 156 187 97 218 276 156 97 32 32 94 1 1 94 161 286 129 225 
257 130 226 194 66 162 130 66 126 64 194 64 126 188 219 34 226 34 157 188 98 219 279 157 98 1 1 95 2 2 95 162 
3 96 163 260 131 227 195 67 163 131 67 127 33 195 33 127 189 220 35 227 35 158 189 99 220 282 158 99 2 2 96 3 
3 65 4 4 65 164 263 132 228 196 68 164 132 68 128 34 196 34 128 190 221 36 228 36 159 190 100 221 285 159 100 3 
160 101 4 4 66 5 5 66 165 266 133 229 197 69 165 133 69 97 35 197 35 97 191 222 37 229 37 160 191 101 222 288 
102 223 259 129 102 5 5 67 6 6 67 166 269 134 230 198 70 166 134 70 98 36 198 36 98 192 223 38 230 38 129 192 
39 130 161 103 224 262 130 103 6 6 68 7 7 68 167 272 135 231 199 71 167 135 71 99 37 199 37 99 161 224 39 231 
193 40 232 40 131 162 104 193 265 131 104 7 7 69 8 8 69 168 275 136 232 200 72 168 136 72 100 38 200 38 100 162 
39 101 163 194 41 233 41 132 163 105 194 268 132 105 8 8 70 9 9 70 169 278 137 233 201 73 169 137 73 101 39 201 
102 40 202 40 102 164 195 42 234 42 133 164 106 195 271 133 106 9 9 71 10 10 71 170 281 138 234 202 74 170 138 74 
171 139 75 103 41 203 41 103 165 196 43 235 43 134 165 107 196 274 134 107 10 10 72 11 11 72 171 284 139 235 203 75 
236 204 76 172 140 76 104 42 204 42 104 166 197 44 236 44 135 166 108 197 277 135 108 11 11 73 12 12 73 172 287 140 
173 258 141 237 205 77 173 141 77 105 43 205 43 105 167 198 45 237 45 136 167 109 198 280 136 109 12 12 74 13 13 74 
14 14 75 174 261 142 238 206 78 174 142 78 106 44 206 44 106 168 199 46 238 46 137 168 110 199 283 137 110 13 13 75 
14 14 76 15 15 76 175 264 143 239 207 79 175 143 79 107 45 207 45 107 169 200 47 239 47 138 169 111 200 286 138 111 
257 139 112 15 15 77 16 16 77 176 267 144 240 208 80 176 144 80 108 46 208 46 108 170 201 48 240 48 139 170 112 201 
171 113 202 260 140 113 16 16 78 17 17 78 177 270 145 241 209 81 177 145 81 109 47 209 47 109 171 202 49 241 49 140 
242 50 141 172 114 203 263 141 114 17 17 79 18 18 79 178 273 146 242 210 82 178 146 82 110 48 210 48 110 172 203 50 
173 204 51 243 51 142 173 115 204 266 142 115 18 18 80 19 19 80 179 276 147 243 211 83 179 147 83 111 49 211 49 111 
212 50 112 174 205 52 244 52 143 174 116 205 269 143 116 19 19 81 20 20 81 180 279 148 244 212 84 180 148 84 112 50 
85 113 51 213 51 113 175 206 53 245 53 144 175 117 206 272 144 117 20 20 82 21 21 82 181 282 149 245 213 85 181 149 
86 182 150 86 114 52 214 52 114 176 207 54 246 54 145 176 118 207 275 145 118 21 21 83 22 22 83 182 285 150 246 214 
151 247 215 87 183 151 87 115 53 215 53 115 177 208 55 247 55 146 177 119 208 278 146 119 22 22 84 23 23 84 183 288 
85 184 259 152 248 216 88 184 152 88 116 54 216 54 116 178 209 56 248 56 147 178 120 209 281 147 120 23 23 85 24 24 
86 25 25 86 185 262 153 249 217 89 185 153 89 117 55 217 55 117 179 210 57 249 57 148 179 121 210 284 148 121 24 24 
122 25 25 87 26 26 87 186 265 154 250 218 90 186 154 90 118 56 218 56 118 180 211 58 250 58 149 180 122 211 287 149 
212 258 150 123 26 26 88 27 27 88 187 268 155 251 219 91 187 155 91 119 57 219 57 119 181 212 59 251 59 150 181 123 
151 182 124 213 261 151 124 27 27 89 28 28 89 188 271 156 252 220 92 188 156 92 120 58 220 58 120 182 213 60 252 60 
61 253 61 152 183 125 214 264 152 125 28 28 90 29 29 90 189 274 157 253 221 93 189 157 93 121 59 221 59 121 183 214 
122 184 215 62 254 62 153 184 126 215 267 153 126 29 29 91 30 30 91 190 277 158 254 222 94 190 158 94 122 60 222 60 
61 223 61 123 185 216 63 255 63 154 185 127 216 270 154 127 30 30 92 31 31 92 191 280 159 255 223 95 191 159 95 123 
160 96 124 62 224 62 124 186 217 64 256 64 155 186 128 217 273 155 128 31 31 93 32 32 93 192 283 160 256 224 96 192 

The value of m is: 32
The value of p is: 3
The value of len is: {1, 2, 3, 4, 5, 6, 7}
The value of arr is: {18, 1, 14, 0, 21, 25, 23}
The column indices of 1 * 2 tiles are: {3i+10, 3i+28} for 0<=i<=m-1.
97 33 218 33 97 94 156 187 94 218 225 156 269 187 65 32 32 65 1 1 125 129 279 193 125 161 129 63 225 63 193 161 
64 194 162 98 34 219 34 98 95 157 188 95 219 226 157 272 188 66 1 1 66 2 2 126 130 282 194 126 162 130 64 226 
131 33 227 33 195 163 99 35 220 35 99 96 158 189 96 220 227 158 275 189 67 2 2 67 3 3 127 131 285 195 127 163 
196 128 164 132 34 228 34 196 164 100 36 221 36 100 65 159 190 65 221 228 159 278 190 68 3 3 68 4 4 128 132 288 
97 133 259 197 97 165 133 35 229 35 197 165 101 37 222 37 101 66 160 191 66 222 229 160 281 191 69 4 4 69 5 5 
70 6 6 98 134 262 198 98 166 134 36 230 36 198 166 102 38 223 38 102 67 129 192 67 223 230 129 284 192 70 5 5 
71 6 6 71 7 7 99 135 265 199 99 167 135 37 231 37 199 167 103 39 224 39 103 68 130 161 68 224 231 130 287 161 
131 258 162 72 7 7 72 8 8 100 136 268 200 100 168 136 38 232 38 200 168 104 40 193 40 104 69 131 162 69 193 232 
70 194 233 132 261 163 73 8 8 73 9 9 101 137 271 201 101 169 137 39 233 39 201 169 105 41 194 41 105 70 132 163 
71 133 164 71 195 234 133 264 164 74 9 9 74 10 10 102 138 274 202 102 170 138 40 234 40 202 170 106 42 195 42 106 
196 43 107 72 134 165 72 196 235 134 267 165 75 10 10 75 11 11 103 139 277 203 103 171 139 41 235 41 203 171 107 43 
172 108 44 197 44 108 73 135 166 73 197 236 135 270 166 76 11 11 76 12 12 104 140 280 204 104 172 140 42 236 42 204 
237 43 205 173 109 45 198 45 109 74 136 167 74 198 237 136 273 167 77 12 12 77 13 13 105 141 283 205 105 173 141 43 
174 142 44 238 44 206 174 110 46 199 46 110 75 137 168 75 199 238 137 276 168 78 13 13 78 14 14 106 142 286 206 106 
257 207 107 175 143 45 239 45 207 175 111 47 200 47 111 76 138 169 76 200 239 138 279 169 79 14 14 79 15 15 107 143 
16 108 144 260 208 108 176 144 46 240 46 208 176 112 48 201 48 112 77 139 170 77 201 240 139 282 170 80 15 15 80 16 
16 81 17 17 109 145 263 209 109 177 145 47 241 47 209 177 113 49 202 49 113 78 140 171 78 202 241 140 285 171 81 16 
172 82 17 17 82 18 18 110 146 266 210 110 178 146 48 242 48 210 178 114 50 203 50 114 79 141 172 79 203 242 141 288 
243 142 259 173 83 18 18 83 19 19 111 147 269 211 111 179 147 49 243 49 211 179 115 51 204 51 115 80 142 173 80 204 
174 81 205 244 143 262 174 84 19 19 84 20 20 112 148 272 212 112 180 148 50 244 50 212 180 116 52 205 52 116 81 143 
117 82 144 175 82 206 245 144 265 175 85 20 20 85 21 21 113 149 275 213 113 181 149 51 245 51 213 181 117 53 206 53 
54 207 54 118 83 145 176 83 207 246 145 268 176 86 21 21 86 22 22 114 150 278 214 114 182 150 52 246 52 214 182 118 
215 183 119 55 208 55 119 84 146 177 84 208 247 146 271 177 87 22 22 87 23 23 115 151 281 215 115 183 151 53 247 53 
54 248 54 216 184 120 56 209 56 120 85 147 178 85 209 248 147 274 178 88 23 23 88 24 24 116 152 284 216 116 184 152 
117 185 153 55 249 55 217 185 121 57 210 57 121 86 148 179 86 210 249 148 277 179 89 24 24 89 25 25 117 153 287 217 
154 258 218 118 186 154 56 250 56 218 186 122 58 211 58 122 87 149 180 87 211 250 149 280 180 90 25 25 90 26 26 118 
27 27 119 155 261 219 119 187 155 57 251 57 219 187 123 59 212 59 123 88 150 181 88 212 251 150 283 181 91 26 26 91 
27 27 92 28 28 120 156 264 220 120 188 156 58 252 58 220 188 124 60 213 60 124 89 151 182 89 213 252 151 286 182 92 
257 183 93 28 28 93 29 29 121 157 267 221 121 189 157 59 253 59 221 189 125 61 214 61 125 90 152 183 90 214 253 152 
215 254 153 260 184 94 29 29 94 30 30 122 158 270 222 122 190 158 60 254 60 222 190 126 62 215 62 126 91 153 184 91 
154 185 92 216 255 154 263 185 95 30 30 95 31 31 123 159 273 223 123 191 159 61 255 61 223 191 127 63 216 63 127 92 
64 128 93 155 186 93 217 256 155 266 186 96 31 31 96 32 32 124 160 276 224 124 192 160 62 256 62 224 192 128 64 217 

The value of m is: 32
The value of p is: 3
The value of len is: {1, 2, 3, 4, 5, 6, 7}
The value of arr is: {27, 14, 3, 19, 0, 30, 2}
The column indices of 1 * 2 tiles are: {3i+1, 3i+15} for 0<=i<=m-1.
129 225 193 65 161 129 65 125 63 193 63 125 187 218 33 225 33 156 187 97 218 278 156 97 32 32 94 1 1 94 161 288 
95 162 259 130 226 194 66 162 130 66 126 64 194 64 126 188 219 34 226 34 157 188 98 219 281 157 98 1 1 95 2 2 
96 3 3 96 163 262 131 227 195 67 163 131 67 127 33 195 33 127 189 220 35 227 35 158 189 99 220 284 158 99 2 2 
100 3 3 65 4 4 65 164 265 132 228 196 68 164 132 68 128 34 196 34 128 190 221 36 228 36 159 190 100 221 287 159 
222 258 160 101 4 4 66 5 5 66 165 268 133 229 197 69 165 133 69 97 35 197 35 97 191 222 37 229 37 160 191 101 
129 192 102 223 261 129 102 5 5 67 6 6 67 166 271 134 230 198 70 166 134 70 98 36 198 36 98 192 223 38 230 38 
39 231 39 130 161 103 224 264 130 103 6 6 68 7 7 68 167 274 135 231 199 71 167 135 71 99 37 199 37 99 161 224 
100 162 193 40 232 40 131 162 104 193 267 131 104 7 7 69 8 8 69 168 277 136 232 200 72 168 136 72 100 38 200 38 
39 201 39 101 163 194 41 233 41 132 163 105 194 270 132 105 8 8 70 9 9 70 169 280 137 233 201 73 169 137 73 101 
138 74 102 40 202 40 102 164 195 42 234 42 133 164 106 195 273 133 106 9 9 71 10 10 71 170 283 138 234 202 74 170 
203 75 171 139 75 103 41 203 41 103 165 196 43 235 43 134 165 107 196 276 134 107 10 10 72 11 11 72 171 286 139 235 
257 140 236 204 76 172 140 76 104 42 204 42 104 166 197 44 236 44 135 166 108 197 279 135 108 11 11 73 12 12 73 172 
13 74 173 260 141 237 205 77 173 141 77 105 43 205 43 105 167 198 45 237 45 136 167 109 198 282 136 109 12 12 74 13 
13 75 14 14 75 174 263 142 238 206 78 174 142 78 106 44 206 44 106 168 199 46 238 46 137 168 110 199 285 137 110 13 
138 111 14 14 76 15 15 76 175 266 143 239 207 79 175 143 79 107 45 207 45 107 169 200 47 239 47 138 169 111 200 288 
112 201 259 139 112 15 15 77 16 16 77 176 269 144 240 208 80 176 144 80 108 46 208 46 108 170 201 48 240 48 139 170 
49 140 171 113 202 262 140 113 16 16 78 17 17 78 177 272 145 241 209 81 177 145 81 109 47 209 47 109 171 202 49 241 
203 50 242 50 141 172 114 203 265 141 114 17 17 79 18 18 79 178 275 146 242 210 82 178 146 82 110 48 210 48 110 172 
49 111 173 204 51 243 51 142 173 115 204 268 142 115 18 18 80 19 19 80 179 278 147 243 211 83 179 147 83 111 49 211 
112 50 212 50 112 174 205 52 244 52 143 174 116 205 271 143 116 19 19 81 20 20 81 180 281 148 244 212 84 180 148 84 
181 149 85 113 51 213 51 113 175 206 53 245 53 144 175 117 206 274 144 117 20 20 82 21 21 82 181 284 149 245 213 85 
246 214 86 182 150 86 114 52 214 52 114 176 207 54 246 54 145 176 118 207 277 145 118 21 21 83 22 22 83 182 287 150 
183 258 151 247 215 87 183 151 87 115 53 215 53 115 177 208 55 247 55 146 177 119 208 280 146 119 22 22 84 23 23 84 
24 24 85 184 261 152 248 216 88 184 152 88 116 54 216 54 116 178 209 56 248 56 147 178 120 209 283 147 120 23 23 85 
24 24 86 25 25 86 185 264 153 249 217 89 185 153 89 117 55 217 55 117 179 210 57 249 57 148 179 121 210 286 148 121 
257 149 122 25 25 87 26 26 87 186 267 154 250 218 90 186 154 90 118 56 218 56 118 180 211 58 250 58 149 180 122 211 
181 123 212 260 150 123 26 26 88 27 27 88 187 270 155 251 219 91 187 155 91 119 57 219 57 119 181 212 59 251 59 150 
252 60 151 182 124 213 263 151 124 27 27 89 28 28 89 188 273 156 252 220 92 188 156 92 120 58 220 58 120 182 213 60 
183 214 61 253 61 152 183 125 214 266 152 125 28 28 90 29 29 90 189 276 157 253 221 93 189 157 93 121 59 221 59 121 
222 60 122 184 215 62 254 62 153 184 126 215 269 153 126 29 29 91 30 30 91 190 279 158 254 222 94 190 158 94 122 60 
95 123 61 223 61 123 185 216 63 255 63 154 185 127 216 272 154 127 30 30 92 31 31 92 191 282 159 255 223 95 191 159 
96 192 160 96 124 62 224 62 124 186 217 64 256 64 155 186 128 217 275 155 128 31 31 93 32 32 93 192 285 160 256 224 

The value of m is: 32
The value of p is: 3
The value of len is: {1, 2, 3, 4, 5, 6, 7}
The value of arr is: {29, 16, 5, 21, 2, 0, 4}
The column indices of 1 * 2 tiles are: {3i+3, 3i+17} for 0<=i<=m-1.
161 258 129 225 193 65 161 129 65 125 63 193 63 125 187 218 33 225 33 156 187 97 218 280 156 97 32 32 94 1 1 94 
2 2 95 162 261 130 226 194 66 162 130 66 126 64 194 64 126 188 219 34 226 34 157 188 98 219 283 157 98 1 1 95 
2 2 96 3 3 96 163 264 131 227 195 67 163 131 67 127 33 195 33 127 189 220 35 227 35 158 189 99 220 286 158 99 
257 159 100 3 3 65 4 4 65 164 267 132 228 196 68 164 132 68 128 34 196 34 128 190 221 36 228 36 159 190 100 221 
191 101 222 260 160 101 4 4 66 5 5 66 165 270 133 229 197 69 165 133 69 97 35 197 35 97 191 222 37 229 37 160 
230 38 129 192 102 223 263 129 102 5 5 67 6 6 67 166 273 134 230 198 70 166 134 70 98 36 198 36 98 192 223 38 
161 224 39 231 39 130 161 103 224 266 130 103 6 6 68 7 7 68 167 276 135 231 199 71 167 135 71 99 37 199 37 99 
200 38 100 162 193 40 232 40 131 162 104 193 269 131 104 7 7 69 8 8 69 168 279 136 232 200 72 168 136 72 100 38 
73 101 39 201 39 101 163 194 41 233 41 132 163 105 194 272 132 105 8 8 70 9 9 70 169 282 137 233 201 73 169 137 
74 170 138 74 102 40 202 40 102 164 195 42 234 42 133 164 106 195 275 133 106 9 9 71 10 10 71 170 285 138 234 202 
139 235 203 75 171 139 75 103 41 203 41 103 165 196 43 235 43 134 165 107 196 278 134 107 10 10 72 11 11 72 171 288 
73 172 259 140 236 204 76 172 140 76 104 42 204 42 104 166 197 44 236 44 135 166 108 197 281 135 108 11 11 73 12 12 
74 13 13 74 173 262 141 237 205 77 173 141 77 105 43 205 43 105 167 198 45 237 45 136 167 109 198 284 136 109 12 12 
110 13 13 75 14 14 75 174 265 142 238 206 78 174 142 78 106 44 206 44 106 168 199 46 238 46 137 168 110 199 287 137 
200 258 138 111 14 14 76 15 15 76 175 268 143 239 207 79 175 143 79 107 45 207 45 107 169 200 47 239 47 138 169 111 
139 170 112 201 261 139 112 15 15 77 16 16 77 176 271 144 240 208 80 176 144 80 108 46 208 46 108 170 201 48 240 48 
49 241 49 140 171 113 202 264 140 113 16 16 78 17 17 78 177 274 145 241 209 81 177 145 81 109 47 209 47 109 171 202 
110 172 203 50 242 50 141 172 114 203 267 141 114 17 17 79 18 18 79 178 277 146 242 210 82 178 146 82 110 48 210 48 
49 211 49 111 173 204 51 243 51 142 173 115 204 270 142 115 18 18 80 19 19 80 179 280 147 243 211 83 179 147 83 111 
148 84 112 50 212 50 112 174 205 52 244 52 143 174 116 205 273 143 116 19 19 81 20 20 81 180 283 148 244 212 84 180 
213 85 181 149 85 113 51 213 51 113 175 206 53 245 53 144 175 117 206 276 144 117 20 20 82 21 21 82 181 286 149 245 
257 150 246 214 86 182 150 86 114 52 214 52 114 176 207 54 246 54 145 176 118 207 279 145 118 21 21 83 22 22 83 182 
23 84 183 260 151 247 215 87 183 151 87 115 53 215 53 115 177 208 55 247 55 146 177 119 208 282 146 119 22 22 84 23 
23 85 24 24 85 184 263 152 248 216 88 184 152 88 116 54 216 54 116 178 209 56 248 56 147 178 120 209 285 147 120 23 
148 121 24 24 86 25 25 86 185 266 153 249 217 89 185 153 89 117 55 217 55 117 179 210 57 249 57 148 179 121 210 288 
122 211 259 149 122 25 25 87 26 26 87 186 269 154 250 218 90 186 154 90 118 56 218 56 118 180 211 58 250 58 149 180 
59 150 181 123 212 262 150 123 26 26 88 27 27 88 187 272 155 251 219 91 187 155 91 119 57 219 57 119 181 212 59 251 
213 60 252 60 151 182 124 213 265 151 124 27 27 89 28 28 89 188 275 156 252 220 92 188 156 92 120 58 220 58 120 182 
59 121 183 214 61 253 61 152 183 125 214 268 152 125 28 28 90 29 29 90 189 278 157 253 221 93 189 157 93 121 59 221 
122 60 222 60 122 184 215 62 254 62 153 184 126 215 271 153 126 29 29 91 30 30 91 190 281 158 254 222 94 190 158 94 
191 159 95 123 61 223 61 123 185 216 63 255 63 154 185 127 216 274 154 127 30 30 92 31 31 92 191 284 159 255 223 95 
256 224 96 192 160 96 124 62 224 62 124 186 217 64 256 64 155 186 128 217 277 155 128 31 31 93 32 32 93 192 287 160 

The value of m is: 32
The value of p is: 3
The value of len is: {1, 2, 3, 4, 5, 6, 7}
The value of arr is: {29, 12, 25, 11, 0, 4, 2}
The column indices of 1 * 2 tiles are: {3i+7, 3i+21} for 0<=i<=m-1.
129 258 193 125 161 129 63 225 63 193 161 97 33 218 33 97 94 156 187 94 218 225 156 280 187 65 32 32 65 1 1 125 
2 2 126 130 261 194 126 162 130 64 226 64 194 162 98 34 219 34 98 95 157 188 95 219 226 157 283 188 66 1 1 66 
2 2 67 3 3 127 131 264 195 127 163 131 33 227 33 195 163 99 35 220 35 99 96 158 189 96 220 227 158 286 189 67 
257 190 68 3 3 68 4 4 128 132 267 196 128 164 132 34 228 34 196 164 100 36 221 36 100 65 159 190 65 221 228 159 
222 229 160 260 191 69 4 4 69 5 5 97 133 270 197 97 165 133 35 229 35 197 165 101 37 222 37 101 66 160 191 66 
129 192 67 223 230 129 263 192 70 5 5 70 6 6 98 134 273 198 98 166 134 36 230 36 198 166 102 38 223 38 102 67 
39 103 68 130 161 68 224 231 130 266 161 71 6 6 71 7 7 99 135 276 199 99 167 135 37 231 37 199 167 103 39 224 
104 40 193 40 104 69 131 162 69 193 232 131 269 162 72 7 7 72 8 8 100 136 279 200 100 168 136 38 232 38 200 168 
39 201 169 105 41 194 41 105 70 132 163 70 194 233 132 272 163 73 8 8 73 9 9 101 137 282 201 101 169 137 39 233 
138 40 234 40 202 170 106 42 195 42 106 71 133 164 71 195 234 133 275 164 74 9 9 74 10 10 102 138 285 202 102 170 
203 103 171 139 41 235 41 203 171 107 43 196 43 107 72 134 165 72 196 235 134 278 165 75 10 10 75 11 11 103 139 288 
104 140 259 204 104 172 140 42 236 42 204 172 108 44 197 44 108 73 135 166 73 197 236 135 281 166 76 11 11 76 12 12 
77 13 13 105 141 262 205 105 173 141 43 237 43 205 173 109 45 198 45 109 74 136 167 74 198 237 136 284 167 77 12 12 
78 13 13 78 14 14 106 142 265 206 106 174 142 44 238 44 206 174 110 46 199 46 110 75 137 168 75 199 238 137 287 168 
138 258 169 79 14 14 79 15 15 107 143 268 207 107 175 143 45 239 45 207 175 111 47 200 47 111 76 138 169 76 200 239 
77 201 240 139 261 170 80 15 15 80 16 16 108 144 271 208 108 176 144 46 240 46 208 176 112 48 201 48 112 77 139 170 
78 140 171 78 202 241 140 264 171 81 16 16 81 17 17 109 145 274 209 109 177 145 47 241 47 209 177 113 49 202 49 113 
203 50 114 79 141 172 79 203 242 141 267 172 82 17 17 82 18 18 110 146 277 210 110 178 146 48 242 48 210 178 114 50 
179 115 51 204 51 115 80 142 173 80 204 243 142 270 173 83 18 18 83 19 19 111 147 280 211 111 179 147 49 243 49 211 
244 50 212 180 116 52 205 52 116 81 143 174 81 205 244 143 273 174 84 19 19 84 20 20 112 148 283 212 112 180 148 50 
181 149 51 245 51 213 181 117 53 206 53 117 82 144 175 82 206 245 144 276 175 85 20 20 85 21 21 113 149 286 213 113 
257 214 114 182 150 52 246 52 214 182 118 54 207 54 118 83 145 176 83 207 246 145 279 176 86 21 21 86 22 22 114 150 
23 115 151 260 215 115 183 151 53 247 53 215 183 119 55 208 55 119 84 146 177 84 208 247 146 282 177 87 22 22 87 23 
23 88 24 24 116 152 263 216 116 184 152 54 248 54 216 184 120 56 209 56 120 85 147 178 85 209 248 147 285 178 88 23 
179 89 24 24 89 25 25 117 153 266 217 117 185 153 55 249 55 217 185 121 57 210 57 121 86 148 179 86 210 249 148 288 
250 149 259 180 90 25 25 90 26 26 118 154 269 218 118 186 154 56 250 56 218 186 122 58 211 58 122 87 149 180 87 211 
181 88 212 251 150 262 181 91 26 26 91 27 27 119 155 272 219 119 187 155 57 251 57 219 187 123 59 212 59 123 88 150 
124 89 151 182 89 213 252 151 265 182 92 27 27 92 28 28 120 156 275 220 120 188 156 58 252 58 220 188 124 60 213 60 
61 214 61 125 90 152 183 90 214 253 152 268 183 93 28 28 93 29 29 121 157 278 221 121 189 157 59 253 59 221 189 125 
222 190 126 62 215 62 126 91 153 184 91 215 254 153 271 184 94 29 29 94 30 30 122 158 281 222 122 190 158 60 254 60 
61 255 61 223 191 127 63 216 63 127 92 154 185 92 216 255 154 274 185 95 30 30 95 31 31 123 159 284 223 123 191 159 
124 192 160 62 256 62 224 192 128 64 217 64 128 93 155 186 93 217 256 155 277 186 96 31 31 96 32 32 124 160 287 224 

The value of m is: 32
The value of p is: 3
The value of len is: {1, 2, 3, 4, 5, 6, 7}
The value of arr is: {27, 10, 23, 9, 30, 2, 0}
The column indices of 1 * 2 tiles are: {3i+5, 3i+19} for 0<=i<=m-1.
193 125 161 129 63 225 63 193 161 97 33 218 33 97 94 156 187 94 218 225 156 278 187 65 32 32 65 1 1 125 129 288 
126 130 259 194 126 162 130 64 226 64 194 162 98 34 219 34 98 95 157 188 95 219 226 157 281 188 66 1 1 66 2 2 
67 3 3 127 131 262 195 127 163 131 33 227 33 195 163 99 35 220 35 99 96 158 189 96 220 227 158 284 189 67 2 2 
68 3 3 68 4 4 128 132 265 196 128 164 132 34 228 34 196 164 100 36 221 36 100 65 159 190 65 221 228 159 287 190 
160 258 191 69 4 4 69 5 5 97 133 268 197 97 165 133 35 229 35 197 165 101 37 222 37 101 66 160 191 66 222 229 
67 223 230 129 261 192 70 5 5 70 6 6 98 134 271 198 98 166 134 36 230 36 198 166 102 38 223 38 102 67 129 192 
68 130 161 68 224 231 130 264 161 71 6 6 71 7 7 99 135 274 199 99 167 135 37 231 37 199 167 103 39 224 39 103 
193 40 104 69 131 162 69 193 232 131 267 162 72 7 7 72 8 8 100 136 277 200 100 168 136 38 232 38 200 168 104 40 
169 105 41 194 41 105 70 132 163 70 194 233 132 270 163 73 8 8 73 9 9 101 137 280 201 101 169 137 39 233 39 201 
234 40 202 170 106 42 195 42 106 71 133 164 71 195 234 133 273 164 74 9 9 74 10 10 102 138 283 202 102 170 138 40 
171 139 41 235 41 203 171 107 43 196 43 107 72 134 165 72 196 235 134 276 165 75 10 10 75 11 11 103 139 286 203 103 
257 204 104 172 140 42 236 42 204 172 108 44 197 44 108 73 135 166 73 197 236 135 279 166 76 11 11 76 12 12 104 140 
13 105 141 260 205 105 173 141 43 237 43 205 173 109 45 198 45 109 74 136 167 74 198 237 136 282 167 77 12 12 77 13 
13 78 14 14 106 142 263 206 106 174 142 44 238 44 206 174 110 46 199 46 110 75 137 168 75 199 238 137 285 168 78 13 
169 79 14 14 79 15 15 107 143 266 207 107 175 143 45 239 45 207 175 111 47 200 47 111 76 138 169 76 200 239 138 288 
240 139 259 170 80 15 15 80 16 16 108 144 269 208 108 176 144 46 240 46 208 176 112 48 201 48 112 77 139 170 77 201 
171 78 202 241 140 262 171 81 16 16 81 17 17 109 145 272 209 109 177 145 47 241 47 209 177 113 49 202 49 113 78 140 
114 79 141 172 79 203 242 141 265 172 82 17 17 82 18 18 110 146 275 210 110 178 146 48 242 48 210 178 114 50 203 50 
51 204 51 115 80 142 173 80 204 243 142 268 173 83 18 18 83 19 19 111 147 278 211 111 179 147 49 243 49 211 179 115 
212 180 116 52 205 52 116 81 143 174 81 205 244 143 271 174 84 19 19 84 20 20 112 148 281 212 112 180 148 50 244 50 
51 245 51 213 181 117 53 206 53 117 82 144 175 82 206 245 144 274 175 85 20 20 85 21 21 113 149 284 213 113 181 149 
114 182 150 52 246 52 214 182 118 54 207 54 118 83 145 176 83 207 246 145 277 176 86 21 21 86 22 22 114 150 287 214 
151 258 215 115 183 151 53 247 53 215 183 119 55 208 55 119 84 146 177 84 208 247 146 280 177 87 22 22 87 23 23 115 
24 24 116 152 261 216 116 184 152 54 248 54 216 184 120 56 209 56 120 85 147 178 85 209 248 147 283 178 88 23 23 88 
24 24 89 25 25 117 153 264 217 117 185 153 55 249 55 217 185 121 57 210 57 121 86 148 179 86 210 249 148 286 179 89 
257 180 90 25 25 90 26 26 118 154 267 218 118 186 154 56 250 56 218 186 122 58 211 58 122 87 149 180 87 211 250 149 
212 251 150 260 181 91 26 26 91 27 27 119 155 270 219 119 187 155 57 251 57 219 187 123 59 212 59 123 88 150 181 88 
151 182 89 213 252 151 263 182 92 27 27 92 28 28 120 156 273 220 120 188 156 58 252 58 220 188 124 60 213 60 124 89 
61 125 90 152 183 90 214 253 152 266 183 93 28 28 93 29 29 121 157 276 221 121 189 157 59 253 59 221 189 125 61 214 
126 62 215 62 126 91 153 184 91 215 254 153 269 184 94 29 29 94 30 30 122 158 279 222 122 190 158 60 254 60 222 190 
61 223 191 127 63 216 63 127 92 154 185 92 216 255 154 272 185 95 30 30 95 31 31 123 159 282 223 123 191 159 61 255 
160 62 256 62 224 192 128 64 217 64 128 93 155 186 93 217 256 155 275 186 96 31 31 96 32 32 124 160 285 224 124 192 

The value of m is: 32
The value of p is: 3
The value of len is: {1, 2, 3, 4, 5, 6, 7}
The value of arr is: {0, 19, 8, 24, 5, 3, 7}
The column indices of 1 * 2 tiles are: {3i+6, 3i+20} for 0<=i<=m-1.
1 1 94 161 261 129 225 193 65 161 129 65 125 63 193 63 125 187 218 33 225 33 156 187 97 218 283 156 97 32 32 94 
1 1 95 2 2 95 162 264 130 226 194 66 162 130 66 126 64 194 64 126 188 219 34 226 34 157 188 98 219 286 157 98 
257 158 99 2 2 96 3 3 96 163 267 131 227 195 67 163 131 67 127 33 195 33 127 189 220 35 227 35 158 189 99 220 
190 100 221 260 159 100 3 3 65 4 4 65 164 270 132 228 196 68 164 132 68 128 34 196 34 128 190 221 36 228 36 159 
229 37 160 191 101 222 263 160 101 4 4 66 5 5 66 165 273 133 229 197 69 165 133 69 97 35 197 35 97 191 222 37 
192 223 38 230 38 129 192 102 223 266 129 102 5 5 67 6 6 67 166 276 134 230 198 70 166 134 70 98 36 198 36 98 
199 37 99 161 224 39 231 39 130 161 103 224 269 130 103 6 6 68 7 7 68 167 279 135 231 199 71 167 135 71 99 37 
72 100 38 200 38 100 162 193 40 232 40 131 162 104 193 272 131 104 7 7 69 8 8 69 168 282 136 232 200 72 168 136 
73 169 137 73 101 39 201 39 101 163 194 41 233 41 132 163 105 194 275 132 105 8 8 70 9 9 70 169 285 137 233 201 
138 234 202 74 170 138 74 102 40 202 40 102 164 195 42 234 42 133 164 106 195 278 133 106 9 9 71 10 10 71 170 288 
72 171 259 139 235 203 75 171 139 75 103 41 203 41 103 165 196 43 235 43 134 165 107 196 281 134 107 10 10 72 11 11 
73 12 12 73 172 262 140 236 204 76 172 140 76 104 42 204 42 104 166 197 44 236 44 135 166 108 197 284 135 108 11 11 
109 12 12 74 13 13 74 173 265 141 237 205 77 173 141 77 105 43 205 43 105 167 198 45 237 45 136 167 109 198 287 136 
199 258 137 110 13 13 75 14 14 75 174 268 142 238 206 78 174 142 78 106 44 206 44 106 168 199 46 238 46 137 168 110 
138 169 111 200 261 138 111 14 14 76 15 15 76 175 271 143 239 207 79 175 143 79 107 45 207 45 107 169 200 47 239 47 
48 240 48 139 170 112 201 264 139 112 15 15 77 16 16 77 176 274 144 240 208 80 176 144 80 108 46 208 46 108 170 201 
109 171 202 49 241 49 140 171 113 202 267 140 113 16 16 78 17 17 78 177 277 145 241 209 81 177 145 81 109 47 209 47 
48 210 48 110 172 203 50 242 50 141 172 114 203 270 141 114 17 17 79 18 18 79 178 280 146 242 210 82 178 146 82 110 
147 83 111 49 211 49 111 173 204 51 243 51 142 173 115 204 273 142 115 18 18 80 19 19 80 179 283 147 243 211 83 179 
212 84 180 148 84 112 50 212 50 112 174 205 52 244 52 143 174 116 205 276 143 116 19 19 81 20 20 81 180 286 148 244 
257 149 245 213 85 181 149 85 113 51 213 51 113 175 206 53 245 53 144 175 117 206 279 144 117 20 20 82 21 21 82 181 
22 83 182 260 150 246 214 86 182 150 86 114 52 214 52 114 176 207 54 246 54 145 176 118 207 282 145 118 21 21 83 22 
22 84 23 23 84 183 263 151 247 215 87 183 151 87 115 53 215 53 115 177 208 55 247 55 146 177 119 208 285 146 119 22 
147 120 23 23 85 24 24 85 184 266 152 248 216 88 184 152 88 116 54 216 54 116 178 209 56 248 56 147 178 120 209 288 
121 210 259 148 121 24 24 86 25 25 86 185 269 153 249 217 89 185 153 89 117 55 217 55 117 179 210 57 249 57 148 179 
58 149 180 122 211 262 149 122 25 25 87 26 26 87 186 272 154 250 218 90 186 154 90 118 56 218 56 118 180 211 58 250 
212 59 251 59 150 181 123 212 265 150 123 26 26 88 27 27 88 187 275 155 251 219 91 187 155 91 119 57 219 57 119 181 
58 120 182 213 60 252 60 151 182 124 213 268 151 124 27 27 89 28 28 89 188 278 156 252 220 92 188 156 92 120 58 220 
121 59 221 59 121 183 214 61 253 61 152 183 125 214 271 152 125 28 28 90 29 29 90 189 281 157 253 221 93 189 157 93 
190 158 94 122 60 222 60 122 184 215 62 254 62 153 184 126 215 274 153 126 29 29 91 30 30 91 190 284 158 254 222 94 
255 223 95 191 159 95 123 61 223 61 123 185 216 63 255 63 154 185 127 216 277 154 127 30 30 92 31 31 92 191 287 159 
192 258 160 256 224 96 192 160 96 124 62 224 62 124 186 217 64 256 64 155 186 128 217 280 155 128 31 31 93 32 32 93 

The value of m is: 32
The value of p is: 3
The value of len is: {1, 2, 3, 4, 5, 6, 7}
The value of arr is: {0, 15, 28, 14, 3, 7, 5}
The column indices of 1 * 2 tiles are: {3i+10, 3i+24} for 0<=i<=m-1.
1 1 125 129 261 193 125 161 129 63 225 63 193 161 97 33 218 33 97 94 156 187 94 218 225 156 283 187 65 32 32 65 
1 1 66 2 2 126 130 264 194 126 162 130 64 226 64 194 162 98 34 219 34 98 95 157 188 95 219 226 157 286 188 66 
257 189 67 2 2 67 3 3 127 131 267 195 127 163 131 33 227 33 195 163 99 35 220 35 99 96 158 189 96 220 227 158 
221 228 159 260 190 68 3 3 68 4 4 128 132 270 196 128 164 132 34 228 34 196 164 100 36 221 36 100 65 159 190 65 
160 191 66 222 229 160 263 191 69 4 4 69 5 5 97 133 273 197 97 165 133 35 229 35 197 165 101 37 222 37 101 66 
38 102 67 129 192 67 223 230 129 266 192 70 5 5 70 6 6 98 134 276 198 98 166 134 36 230 36 198 166 102 38 223 
103 39 224 39 103 68 130 161 68 224 231 130 269 161 71 6 6 71 7 7 99 135 279 199 99 167 135 37 231 37 199 167 
38 200 168 104 40 193 40 104 69 131 162 69 193 232 131 272 162 72 7 7 72 8 8 100 136 282 200 100 168 136 38 232 
137 39 233 39 201 169 105 41 194 41 105 70 132 163 70 194 233 132 275 163 73 8 8 73 9 9 101 137 285 201 101 169 
202 102 170 138 40 234 40 202 170 106 42 195 42 106 71 133 164 71 195 234 133 278 164 74 9 9 74 10 10 102 138 288 
103 139 259 203 103 171 139 41 235 41 203 171 107 43 196 43 107 72 134 165 72 196 235 134 281 165 75 10 10 75 11 11 
76 12 12 104 140 262 204 104 172 140 42 236 42 204 172 108 44 197 44 108 73 135 166 73 197 236 135 284 166 76 11 11 
77 12 12 77 13 13 105 141 265 205 105 173 141 43 237 43 205 173 109 45 198 45 109 74 136 167 74 198 237 136 287 167 
137 258 168 78 13 13 78 14 14 106 142 268 206 106 174 142 44 238 44 206 174 110 46 199 46 110 75 137 168 75 199 238 
76 200 239 138 261 169 79 14 14 79 15 15 107 143 271 207 107 175 143 45 239 45 207 175 111 47 200 47 111 76 138 169 
77 139 170 77 201 240 139 264 170 80 15 15 80 16 16 108 144 274 208 108 176 144 46 240 46 208 176 112 48 201 48 112 
202 49 113 78 140 171 78 202 241 140 267 171 81 16 16 81 17 17 109 145 277 209 109 177 145 47 241 47 209 177 113 49 
178 114 50 203 50 114 79 141 172 79 203 242 141 270 172 82 17 17 82 18 18 110 146 280 210 110 178 146 48 242 48 210 
243 49 211 179 115 51 204 51 115 80 142 173 80 204 243 142 273 173 83 18 18 83 19 19 111 147 283 211 111 179 147 49 
180 148 50 244 50 212 180 116 52 205 52 116 81 143 174 81 205 244 143 276 174 84 19 19 84 20 20 112 148 286 212 112 
257 213 113 181 149 51 245 51 213 181 117 53 206 53 117 82 144 175 82 206 245 144 279 175 85 20 20 85 21 21 113 149 
22 114 150 260 214 114 182 150 52 246 52 214 182 118 54 207 54 118 83 145 176 83 207 246 145 282 176 86 21 21 86 22 
22 87 23 23 115 151 263 215 115 183 151 53 247 53 215 183 119 55 208 55 119 84 146 177 84 208 247 146 285 177 87 22 
178 88 23 23 88 24 24 116 152 266 216 116 184 152 54 248 54 216 184 120 56 209 56 120 85 147 178 85 209 248 147 288 
249 148 259 179 89 24 24 89 25 25 117 153 269 217 117 185 153 55 249 55 217 185 121 57 210 57 121 86 148 179 86 210 
180 87 211 250 149 262 180 90 25 25 90 26 26 118 154 272 218 118 186 154 56 250 56 218 186 122 58 211 58 122 87 149 
123 88 150 181 88 212 251 150 265 181 91 26 26 91 27 27 119 155 275 219 119 187 155 57 251 57 219 187 123 59 212 59 
60 213 60 124 89 151 182 89 213 252 151 268 182 92 27 27 92 28 28 120 156 278 220 120 188 156 58 252 58 220 188 124 
221 189 125 61 214 61 125 90 152 183 90 214 253 152 271 183 93 28 28 93 29 29 121 157 281 221 121 189 157 59 253 59 
60 254 60 222 190 126 62 215 62 126 91 153 184 91 215 254 153 274 184 94 29 29 94 30 30 122 158 284 222 122 190 158 
123 191 159 61 255 61 223 191 127 63 216 63 127 92 154 185 92 216 255 154 277 185 95 30 30 95 31 31 123 159 287 223 
160 258 224 124 192 160 62 256 62 224 192 128 64 217 64 128 93 155 186 93 217 256 155 280 186 96 31 31 96 32 32 124 

The value of m is: 32
The value of p is: 3
The value of len is: {1, 2, 3, 4, 5, 6, 7}
The value of arr is: {4, 19, 0, 18, 7, 11, 9}
The column indices of 1 * 2 tiles are: {3i+14, 3i+28} for 0<=i<=m-1.
65 32 32 65 1 1 125 129 265 193 125 161 129 63 225 63 193 161 97 33 218 33 97 94 156 187 94 218 225 156 287 187 
157 258 188 66 1 1 66 2 2 126 130 268 194 126 162 130 64 226 64 194 162 98 34 219 34 98 95 157 188 95 219 226 
96 220 227 158 261 189 67 2 2 67 3 3 127 131 271 195 127 163 131 33 227 33 195 163 99 35 220 35 99 96 158 189 
65 159 190 65 221 228 159 264 190 68 3 3 68 4 4 128 132 274 196 128 164 132 34 228 34 196 164 100 36 221 36 100 
222 37 101 66 160 191 66 222 229 160 267 191 69 4 4 69 5 5 97 133 277 197 97 165 133 35 229 35 197 165 101 37 
166 102 38 223 38 102 67 129 192 67 223 230 129 270 192 70 5 5 70 6 6 98 134 280 198 98 166 134 36 230 36 198 
231 37 199 167 103 39 224 39 103 68 130 161 68 224 231 130 273 161 71 6 6 71 7 7 99 135 283 199 99 167 135 37 
168 136 38 232 38 200 168 104 40 193 40 104 69 131 162 69 193 232 131 276 162 72 7 7 72 8 8 100 136 286 200 100 
257 201 101 169 137 39 233 39 201 169 105 41 194 41 105 70 132 163 70 194 233 132 279 163 73 8 8 73 9 9 101 137 
10 102 138 260 202 102 170 138 40 234 40 202 170 106 42 195 42 106 71 133 164 71 195 234 133 282 164 74 9 9 74 10 
10 75 11 11 103 139 263 203 103 171 139 41 235 41 203 171 107 43 196 43 107 72 134 165 72 196 235 134 285 165 75 10 
166 76 11 11 76 12 12 104 140 266 204 104 172 140 42 236 42 204 172 108 44 197 44 108 73 135 166 73 197 236 135 288 
237 136 259 167 77 12 12 77 13 13 105 141 269 205 105 173 141 43 237 43 205 173 109 45 198 45 109 74 136 167 74 198 
168 75 199 238 137 262 168 78 13 13 78 14 14 106 142 272 206 106 174 142 44 238 44 206 174 110 46 199 46 110 75 137 
111 76 138 169 76 200 239 138 265 169 79 14 14 79 15 15 107 143 275 207 107 175 143 45 239 45 207 175 111 47 200 47 
48 201 48 112 77 139 170 77 201 240 139 268 170 80 15 15 80 16 16 108 144 278 208 108 176 144 46 240 46 208 176 112 
209 177 113 49 202 49 113 78 140 171 78 202 241 140 271 171 81 16 16 81 17 17 109 145 281 209 109 177 145 47 241 47 
48 242 48 210 178 114 50 203 50 114 79 141 172 79 203 242 141 274 172 82 17 17 82 18 18 110 146 284 210 110 178 146 
111 179 147 49 243 49 211 179 115 51 204 51 115 80 142 173 80 204 243 142 277 173 83 18 18 83 19 19 111 147 287 211 
148 258 212 112 180 148 50 244 50 212 180 116 52 205 52 116 81 143 174 81 205 244 143 280 174 84 19 19 84 20 20 112 
21 21 113 149 261 213 113 181 149 51 245 51 213 181 117 53 206 53 117 82 144 175 82 206 245 144 283 175 85 20 20 85 
21 21 86 22 22 114 150 264 214 114 182 150 52 246 52 214 182 118 54 207 54 118 83 145 176 83 207 246 145 286 176 86 
257 177 87 22 22 87 23 23 115 151 267 215 115 183 151 53 247 53 215 183 119 55 208 55 119 84 146 177 84 208 247 146 
209 248 147 260 178 88 23 23 88 24 24 116 152 270 216 116 184 152 54 248 54 216 184 120 56 209 56 120 85 147 178 85 
148 179 86 210 249 148 263 179 89 24 24 89 25 25 117 153 273 217 117 185 153 55 249 55 217 185 121 57 210 57 121 86 
58 122 87 149 180 87 211 250 149 266 180 90 25 25 90 26 26 118 154 276 218 118 186 154 56 250 56 218 186 122 58 211 
123 59 212 59 123 88 150 181 88 212 251 150 269 181 91 26 26 91 27 27 119 155 279 219 119 187 155 57 251 57 219 187 
58 220 188 124 60 213 60 124 89 151 182 89 213 252 151 272 182 92 27 27 92 28 28 120 156 282 220 120 188 156 58 252 
157 59 253 59 221 189 125 61 214 61 125 90 152 183 90 214 253 152 275 183 93 28 28 93 29 29 121 157 285 221 121 189 
222 122 190 158 60 254 60 222 190 126 62 215 62 126 91 153 184 91 215 254 153 278 184 94 29 29 94 30 30 122 158 288 
123 159 259 223 123 191 159 61 255 61 223 191 127 63 216 63 127 92 154 185 92 216 255 154 281 185 95 30 30 95 31 31 
96 32 32 124 160 262 224 124 192 160 62 256 62 224 192 128 64 217 64 128 93 155 186 93 217 256 155 284 186 96 31 31 

The value of m is: 32
The value of p is: 3
The value of len is: {1, 2, 3, 4, 5, 6, 7}
The value of arr is: {13, 0, 21, 5, 18, 16, 20}
The column indices of 1 * 2 tiles are: {3i+1, 3i+19} for 0<=i<=m-1.
33 225 33 156 187 97 218 264 156 97 32 32 94 1 1 94 161 274 129 225 193 65 161 129 65 125 63 193 63 125 187 218 
126 188 219 34 226 34 157 188 98 219 267 157 98 1 1 95 2 2 95 162 277 130 226 194 66 162 130 66 126 64 194 64 
33 195 33 127 189 220 35 227 35 158 189 99 220 270 158 99 2 2 96 3 3 96 163 280 131 227 195 67 163 131 67 127 
132 68 128 34 196 34 128 190 221 36 228 36 159 190 100 221 273 159 100 3 3 65 4 4 65 164 283 132 228 196 68 164 
197 69 165 133 69 97 35 197 35 97 191 222 37 229 37 160 191 101 222 276 160 101 4 4 66 5 5 66 165 286 133 229 
257 134 230 198 70 166 134 70 98 36 198 36 98 192 223 38 230 38 129 192 102 223 279 129 102 5 5 67 6 6 67 166 
7 68 167 260 135 231 199 71 167 135 71 99 37 199 37 99 161 224 39 231 39 130 161 103 224 282 130 103 6 6 68 7 
7 69 8 8 69 168 263 136 232 200 72 168 136 72 100 38 200 38 100 162 193 40 232 40 131 162 104 193 285 131 104 7 
132 105 8 8 70 9 9 70 169 266 137 233 201 73 169 137 73 101 39 201 39 101 163 194 41 233 41 132 163 105 194 288 
106 195 259 133 106 9 9 71 10 10 71 170 269 138 234 202 74 170 138 74 102 40 202 40 102 164 195 42 234 42 133 164 
43 134 165 107 196 262 134 107 10 10 72 11 11 72 171 272 139 235 203 75 171 139 75 103 41 203 41 103 165 196 43 235 
197 44 236 44 135 166 108 197 265 135 108 11 11 73 12 12 73 172 275 140 236 204 76 172 140 76 104 42 204 42 104 166 
43 105 167 198 45 237 45 136 167 109 198 268 136 109 12 12 74 13 13 74 173 278 141 237 205 77 173 141 77 105 43 205 
106 44 206 44 106 168 199 46 238 46 137 168 110 199 271 137 110 13 13 75 14 14 75 174 281 142 238 206 78 174 142 78 
175 143 79 107 45 207 45 107 169 200 47 239 47 138 169 111 200 274 138 111 14 14 76 15 15 76 175 284 143 239 207 79 
240 208 80 176 144 80 108 46 208 46 108 170 201 48 240 48 139 170 112 201 277 139 112 15 15 77 16 16 77 176 287 144 
177 258 145 241 209 81 177 145 81 109 47 209 47 109 171 202 49 241 49 140 171 113 202 280 140 113 16 16 78 17 17 78 
18 18 79 178 261 146 242 210 82 178 146 82 110 48 210 48 110 172 203 50 242 50 141 172 114 203 283 141 114 17 17 79 
18 18 80 19 19 80 179 264 147 243 211 83 179 147 83 111 49 211 49 111 173 204 51 243 51 142 173 115 204 286 142 115 
257 143 116 19 19 81 20 20 81 180 267 148 244 212 84 180 148 84 112 50 212 50 112 174 205 52 244 52 143 174 116 205 
175 117 206 260 144 117 20 20 82 21 21 82 181 270 149 245 213 85 181 149 85 113 51 213 51 113 175 206 53 245 53 144 
246 54 145 176 118 207 263 145 118 21 21 83 22 22 83 182 273 150 246 214 86 182 150 86 114 52 214 52 114 176 207 54 
177 208 55 247 55 146 177 119 208 266 146 119 22 22 84 23 23 84 183 276 151 247 215 87 183 151 87 115 53 215 53 115 
216 54 116 178 209 56 248 56 147 178 120 209 269 147 120 23 23 85 24 24 85 184 279 152 248 216 88 184 152 88 116 54 
89 117 55 217 55 117 179 210 57 249 57 148 179 121 210 272 148 121 24 24 86 25 25 86 185 282 153 249 217 89 185 153 
90 186 154 90 118 56 218 56 118 180 211 58 250 58 149 180 122 211 275 149 122 25 25 87 26 26 87 186 285 154 250 218 
155 251 219 91 187 155 91 119 57 219 57 119 181 212 59 251 59 150 181 123 212 278 150 123 26 26 88 27 27 88 187 288 
89 188 259 156 252 220 92 188 156 92 120 58 220 58 120 182 213 60 252 60 151 182 124 213 281 151 124 27 27 89 28 28 
90 29 29 90 189 262 157 253 221 93 189 157 93 121 59 221 59 121 183 214 61 253 61 152 183 125 214 284 152 125 28 28 
126 29 29 91 30 30 91 190 265 158 254 222 94 190 158 94 122 60 222 60 122 184 215 62 254 62 153 184 126 215 287 153 
216 258 154 127 30 30 92 31 31 92 191 268 159 255 223 95 191 159 95 123 61 223 61 123 185 216 63 255 63 154 185 127 
155 186 128 217 261 155 128 31 31 93 32 32 93 192 271 160 256 224 96 192 160 96 124 62 224 62 124 186 217 64 256 64 

The value of m is: 32
The value of p is: 3
The value of len is: {1, 2, 3, 4, 5, 6, 7}
The value of arr is: {25, 8, 21, 7, 28, 0, 30}
The column indices of 1 * 2 tiles are: {3i+3, 3i+17} for 0<=i<=m-1.
161 129 63 225 63 193 161 97 33 218 33 97 94 156 187 94 218 225 156 276 187 65 32 32 65 1 1 125 129 286 193 125 
257 194 126 162 130 64 226 64 194 162 98 34 219 34 98 95 157 188 95 219 226 157 279 188 66 1 1 66 2 2 126 130 
3 127 131 260 195 127 163 131 33 227 33 195 163 99 35 220 35 99 96 158 189 96 220 227 158 282 189 67 2 2 67 3 
3 68 4 4 128 132 263 196 128 164 132 34 228 34 196 164 100 36 221 36 100 65 159 190 65 221 228 159 285 190 68 3 
191 69 4 4 69 5 5 97 133 266 197 97 165 133 35 229 35 197 165 101 37 222 37 101 66 160 191 66 222 229 160 288 
230 129 259 192 70 5 5 70 6 6 98 134 269 198 98 166 134 36 230 36 198 166 102 38 223 38 102 67 129 192 67 223 
161 68 224 231 130 262 161 71 6 6 71 7 7 99 135 272 199 99 167 135 37 231 37 199 167 103 39 224 39 103 68 130 
104 69 131 162 69 193 232 131 265 162 72 7 7 72 8 8 100 136 275 200 100 168 136 38 232 38 200 168 104 40 193 40 
41 194 41 105 70 132 163 70 194 233 132 268 163 73 8 8 73 9 9 101 137 278 201 101 169 137 39 233 39 201 169 105 
202 170 106 42 195 42 106 71 133 164 71 195 234 133 271 164 74 9 9 74 10 10 102 138 281 202 102 170 138 40 234 40 
41 235 41 203 171 107 43 196 43 107 72 134 165 72 196 235 134 274 165 75 10 10 75 11 11 103 139 284 203 103 171 139 
104 172 140 42 236 42 204 172 108 44 197 44 108 73 135 166 73 197 236 135 277 166 76 11 11 76 12 12 104 140 287 204 
141 258 205 105 173 141 43 237 43 205 173 109 45 198 45 109 74 136 167 74 198 237 136 280 167 77 12 12 77 13 13 105 
14 14 106 142 261 206 106 174 142 44 238 44 206 174 110 46 199 46 110 75 137 168 75 199 238 137 283 168 78 13 13 78 
14 14 79 15 15 107 143 264 207 107 175 143 45 239 45 207 175 111 47 200 47 111 76 138 169 76 200 239 138 286 169 79 
257 170 80 15 15 80 16 16 108 144 267 208 108 176 144 46 240 46 208 176 112 48 201 48 112 77 139 170 77 201 240 139 
202 241 140 260 171 81 16 16 81 17 17 109 145 270 209 109 177 145 47 241 47 209 177 113 49 202 49 113 78 140 171 78 
141 172 79 203 242 141 263 172 82 17 17 82 18 18 110 146 273 210 110 178 146 48 242 48 210 178 114 50 203 50 114 79 
51 115 80 142 173 80 204 243 142 266 173 83 18 18 83 19 19 111 147 276 211 111 179 147 49 243 49 211 179 115 51 204 
116 52 205 52 116 81 143 174 81 205 244 143 269 174 84 19 19 84 20 20 112 148 279 212 112 180 148 50 244 50 212 180 
51 213 181 117 53 206 53 117 82 144 175 82 206 245 144 272 175 85 20 20 85 21 21 113 149 282 213 113 181 149 51 245 
150 52 246 52 214 182 118 54 207 54 118 83 145 176 83 207 246 145 275 176 86 21 21 86 22 22 114 150 285 214 114 182 
215 115 183 151 53 247 53 215 183 119 55 208 55 119 84 146 177 84 208 247 146 278 177 87 22 22 87 23 23 115 151 288 
116 152 259 216 116 184 152 54 248 54 216 184 120 56 209 56 120 85 147 178 85 209 248 147 281 178 88 23 23 88 24 24 
89 25 25 117 153 262 217 117 185 153 55 249 55 217 185 121 57 210 57 121 86 148 179 86 210 249 148 284 179 89 24 24 
90 25 25 90 26 26 118 154 265 218 118 186 154 56 250 56 218 186 122 58 211 58 122 87 149 180 87 211 250 149 287 180 
150 258 181 91 26 26 91 27 27 119 155 268 219 119 187 155 57 251 57 219 187 123 59 212 59 123 88 150 181 88 212 251 
89 213 252 151 261 182 92 27 27 92 28 28 120 156 271 220 120 188 156 58 252 58 220 188 124 60 213 60 124 89 151 182 
90 152 183 90 214 253 152 264 183 93 28 28 93 29 29 121 157 274 221 121 189 157 59 253 59 221 189 125 61 214 61 125 
215 62 126 91 153 184 91 215 254 153 267 184 94 29 29 94 30 30 122 158 277 222 122 190 158 60 254 60 222 190 126 62 
191 127 63 216 63 127 92 154 185 92 216 255 154 270 185 95 30 30 95 31 31 123 159 280 223 123 191 159 61 255 61 223 
256 62 224 192 128 64 217 64 128 93 155 186 93 217 256 155 273 186 96 31 31 96 32 32 124 160 283 224 124 192 160 62 

The value of m is: 32
The value of p is: 3
The value of len is: {1, 2, 3, 4, 5, 6, 7}
The value of arr is: {8, 27, 16, 0, 13, 11, 15}
The column indices of 1 * 2 tiles are: {3i+14, 3i+28} for 0<=i<=m-1.
97 218 259 156 97 32 32 94 1 1 94 161 269 129 225 193 65 161 129 65 125 63 193 63 125 187 218 33 225 33 156 187 
34 157 188 98 219 262 157 98 1 1 95 2 2 95 162 272 130 226 194 66 162 130 66 126 64 194 64 126 188 219 34 226 
220 35 227 35 158 189 99 220 265 158 99 2 2 96 3 3 96 163 275 131 227 195 67 163 131 67 127 33 195 33 127 189 
34 128 190 221 36 228 36 159 190 100 221 268 159 100 3 3 65 4 4 65 164 278 132 228 196 68 164 132 68 128 34 196 
97 35 197 35 97 191 222 37 229 37 160 191 101 222 271 160 101 4 4 66 5 5 66 165 281 133 229 197 69 165 133 69 
166 134 70 98 36 198 36 98 192 223 38 230 38 129 192 102 223 274 129 102 5 5 67 6 6 67 166 284 134 230 198 70 
231 199 71 167 135 71 99 37 199 37 99 161 224 39 231 39 130 161 103 224 277 130 103 6 6 68 7 7 68 167 287 135 
168 258 136 232 200 72 168 136 72 100 38 200 38 100 162 193 40 232 40 131 162 104 193 280 131 104 7 7 69 8 8 69 
9 9 70 169 261 137 233 201 73 169 137 73 101 39 201 39 101 163 194 41 233 41 132 163 105 194 283 132 105 8 8 70 
9 9 71 10 10 71 170 264 138 234 202 74 170 138 74 102 40 202 40 102 164 195 42 234 42 133 164 106 195 286 133 106 
257 134 107 10 10 72 11 11 72 171 267 139 235 203 75 171 139 75 103 41 203 41 103 165 196 43 235 43 134 165 107 196 
166 108 197 260 135 108 11 11 73 12 12 73 172 270 140 236 204 76 172 140 76 104 42 204 42 104 166 197 44 236 44 135 
237 45 136 167 109 198 263 136 109 12 12 74 13 13 74 173 273 141 237 205 77 173 141 77 105 43 205 43 105 167 198 45 
168 199 46 238 46 137 168 110 199 266 137 110 13 13 75 14 14 75 174 276 142 238 206 78 174 142 78 106 44 206 44 106 
207 45 107 169 200 47 239 47 138 169 111 200 269 138 111 14 14 76 15 15 76 175 279 143 239 207 79 175 143 79 107 45 
80 108 46 208 46 108 170 201 48 240 48 139 170 112 201 272 139 112 15 15 77 16 16 77 176 282 144 240 208 80 176 144 
81 177 145 81 109 47 209 47 109 171 202 49 241 49 140 171 113 202 275 140 113 16 16 78 17 17 78 177 285 145 241 209 
146 242 210 82 178 146 82 110 48 210 48 110 172 203 50 242 50 141 172 114 203 278 141 114 17 17 79 18 18 79 178 288 
80 179 259 147 243 211 83 179 147 83 111 49 211 49 111 173 204 51 243 51 142 173 115 204 281 142 115 18 18 80 19 19 
81 20 20 81 180 262 148 244 212 84 180 148 84 112 50 212 50 112 174 205 52 244 52 143 174 116 205 284 143 116 19 19 
117 20 20 82 21 21 82 181 265 149 245 213 85 181 149 85 113 51 213 51 113 175 206 53 245 53 144 175 117 206 287 144 
207 258 145 118 21 21 83 22 22 83 182 268 150 246 214 86 182 150 86 114 52 214 52 114 176 207 54 246 54 145 176 118 
146 177 119 208 261 146 119 22 22 84 23 23 84 183 271 151 247 215 87 183 151 87 115 53 215 53 115 177 208 55 247 55 
56 248 56 147 178 120 209 264 147 120 23 23 85 24 24 85 184 274 152 248 216 88 184 152 88 116 54 216 54 116 178 209 
117 179 210 57 249 57 148 179 121 210 267 148 121 24 24 86 25 25 86 185 277 153 249 217 89 185 153 89 117 55 217 55 
56 218 56 118 180 211 58 250 58 149 180 122 211 270 149 122 25 25 87 26 26 87 186 280 154 250 218 90 186 154 90 118 
155 91 119 57 219 57 119 181 212 59 251 59 150 181 123 212 273 150 123 26 26 88 27 27 88 187 283 155 251 219 91 187 
220 92 188 156 92 120 58 220 58 120 182 213 60 252 60 151 182 124 213 276 151 124 27 27 89 28 28 89 188 286 156 252 
257 157 253 221 93 189 157 93 121 59 221 59 121 183 214 61 253 61 152 183 125 214 279 152 125 28 28 90 29 29 90 189 
30 91 190 260 158 254 222 94 190 158 94 122 60 222 60 122 184 215 62 254 62 153 184 126 215 282 153 126 29 29 91 30 
30 92 31 31 92 191 263 159 255 223 95 191 159 95 123 61 223 61 123 185 216 63 255 63 154 185 127 216 285 154 127 30 
155 128 31 31 93 32 32 93 192 266 160 256 224 96 192 160 96 124 62 224 62 124 186 217 64 256 64 155 186 128 217 288 

